3 -67 -73 24 -52 -1 7 9 -26 -5 8 1 -14 2 -19 -10 -8 -13 -33 -53 25 16 -50 18 26 -7 -6 15 -68 11 27 -54 17 -8 0 -12 -9 -31 -7 13 4 8 -23 -11 14 0 24 -47 -4 0 -5 -17 -50 14 -16 10 17 13 -4 14 -56 16 -6 -59 15 -27 13 -44 -43 -28 13 28 -21 -20 25 0 10 -7 15 -37 19 15 -18 -24 -55 -18 -20 2 19 1 7 21 2 12 16 15 -18 24 -31 -16 3 1 14 9 19 1 14 12 3 -51 -25 -7 -22 -39 -6 -1 12 15 14 -10 9 0 -10 9 -54 25 -3 7
45 -11 12 33 10 26 18 -25 -6 1 -13 8 2 6 31 13 -15 20 22 -44 -26 7 42 27 -23 -45 -25 -57 7 26 7 7 -44 -19 9 14 12 -19 -8 10 -26 -12 18 23 0 11 -30 20 5 50 -9 -19 43 -35 1 -16 -15 8 -23 16 27 -27 18 24 10 -47 -18 -1 -54 0 1 40 23 -8 -17 19 12 -12 -29 27 -28 15 -24 16 -24 23 18 -38 -22 -17 2 -30 -25 -32 -5 -20 -3 -36 10 -22 4 -1 -71 8 -36 -19 -40 11 -32 7 29 52 -33 34 8 -25 -24 -37 -25 4 63 -37 4 16 13 -12 16 12
-36 -84 4 12 11 23 22 -24 -11 8 21 -2 -11 11 -82 21 1 14 -36 -13 3 18 33 -21 35 6 -15 -36 54 36 24 15 12 20 7 -4 4 13 -20 -58 9 4 19 21 14 12 8 36 -8 -10 -16 29 18 -10 11 11 -18 11 10 -25 -23 0 15 -43 13 3 19 17 4 -19 -2 19 -19 8 7 14 -88 7 -15 -32 8 14 9 1 -8 10 13 6 -6 -20 -7 -9 -25 -27 11 -5 -3 -25 8 8 34 14 -29 2 -12 15 -2 -10 -8 -55 8 -40 -24 -62 2 26 1 21 71 -5 23 21 1 27 18 -12 16 10
-18 34 15 -15 22 -27 -23 2 14 -8 5 3 19 7 -57 -4 2 -54 12 27 -62 -10 4 10 -8 -45 -12 -5 -20 15 19 19 19 -26 -6 4 16 8 26 14 7 -5 -17 -83 17 5 16 7 1 20 -10 9 38 22 20 -27 26 10 -31 -33 32 13 5 21 -29 -36 7 -6 38 13 -6 -44 -84 -10 -27 -24 -27 2 -12 -12 -4 -13 18 -11 25 15 2 -8 -26 -5 3 -12 17 20 4 -39 -2 22 9 -6 -17 -14 0 13 -8 3 11 5 14 17 21 7 -4 -64 -2 3 19 15 -45 -6 -9 3 7 8 -2 -10 19 -32
-22 18 14 -3 -11 8 -22 -1 -10 -10 3 4 -15 -79 1 -47 3 31 -8 20 22 -43 -41 -91 11 20 12 -1 -22 -29 -69 4 -70 43 5 -68 23 17 -46 -2 15 -3 15 25 -77 -9 -76 -47 0 -19 15 -40 16 -36 -34 -37 -21 12 28 27 32 -33 -16 29 30 3 -33 15 10 26 -1 -3 -12 7 -2 -24 21 -51 16 8 -47 15 8 16 16 -1 -31 10 -3 11 -17 3 -2 -11 -77 18 13 -9 -4 -5 -38 18 -58 -37 14 -27 11 2 17 18 37 30 14 -4 3 -5 -64 -11 -25 0 55 29 9 -11 5 7 -56 9
-21 42 -1 6 31 -16 -44 -3 -3 2 21 6 6 20 40 26 11 -75 -22 18 0 -31 -31 35 6 16 -18 18 27 -75 -28 26 16 -45 7 39 -45 5 12 11 -21 7 17 -47 -4 4 -11 3 9 25 -21 -27 3 -9 -11 29 7 -60 -7 -23 -7 3 12 -8 -7 8 11 9 18 18 -55 -23 17 2 1 -26 33 37 -2 11 7 -37 -10 -23 25 17 -9 -33 16 -14 12 9 15 4 10 9 -24 -17 1 -17 5 -24 46 9 -7 -16 0 10 8 20 -110 4 17 50 8 -29 10 1 -45 -5 -45 7 8 62 3 -28 -51 -9
4 -17 -65 14 -57 14 8 -24 9 18 -7 -9 -72 5 0 32 20 -20 -13 -68 -18 -5 -47 -6 -24 9 13 11 -32 -46 -51 -62 -10 -5 7 38 26 14 -28 19 9 -11 -15 13 -30 10 -12 -21 0 -33 -21 -16 -44 -12 -51 -28 12 -41 -21 9 18 11 19 -27 7 16 -53 -9 -49 6 -31 -19 43 -14 17 -10 -13 23 -3 1 19 13 -32 20 -70 12 10 10 18 -41 -28 12 -26 -3 1 17 9 19 16 7 6 -21 25 1 17 -1 -9 2 -16 -27 -61 33 12 39 -6 4 8 22 -12 3 -11 6 -10 -46 -1 18 -32 -2
24 -25 -42 -12 -22 -25 -28 6 -2 -46 -13 -5 14 -10 7 -58 -36 24 0 -29 36 -24 27 -11 -28 -2 0 -13 24 29 30 3 17 30 -4 -26 35 14 19 -57 -28 -10 -31 37 4 -40 -27 42 -7 18 16 23 49 -3 8 15 44 5 9 -6 -29 -16 23 -15 -68 -41 28 -26 14 -9 15 43 -20 -7 -10 -23 -17 -7 15 15 -1 16 3 -32 22 -34 20 7 -27 13 1 -1 15 3 -26 -16 10 -6 23 -23 6 -12 -25 -25 -14 -20 -19 -23 -8 0 9 17 5 17 5 25 -44 0 -2 -10 -6 -66 -2 -14 -29 19 13 -25
-43 -105 16 -43 9 2 20 6 19 16 -32 -2 -2 19 -29 -17 20 -17 -10 -4 -60 16 -16 -28 -51 29 18 5 7 -35 -28 6 4 -10 -3 -11 8 18 19 11 5 -9 20 -12 8 18 15 -10 3 -72 10 -50 -76 1 1 5 -55 18 15 -65 -19 13 11 8 -10 16 -25 18 -39 -9 4 -37 24 17 -19 13 -2 1 14 -8 12 -49 9 -10 -13 14 3 -5 12 -1 20 19 4 15 7 -3 13 -14 13 -4 10 7 -12 20 10 3 4 11 10 19 -18 -33 11 -44 -8 -1 -4 -51 -6 -4 -30 -15 5 -73 13 -22 -10 19
30 35 24 -52 23 -39 27 12 14 -14 -3 9 3 -23 21 -31 -9 8 7 18 19 22 -31 18 25 -6 6 9 -11 -42 1 -10 -12 -27 10 -93 -54 -13 3 22 9 -8 -30 1 17 -14 6 -76 -9 11 -1 16 -104 -7 19 15 -24 28 -13 22 -33 0 -70 3 -4 -2 -38 16 21 -50 6 -28 -6 17 3 10 23 10 -2 5 23 21 12 10 13 -35 -70 17 0 16 15 -5 15 0 -25 21 13 18 -46 7 -80 9 2 -19 -7 3 6 -16 7 15 6 -90 8 11 -2 -56 -13 -85 -35 10 -71 22 6 10 -33 13 7 -22
